DATABASE 754176
NTENSORS 563
T token_embd.weight 14 2 6144 32002 1 754176 161290080
T blk.0.ffn_gate_exps.weight 14 3 6144 16384 8 162044256 660602880
T blk.0.ffn_gate_inp.weight 1 2 6144 8 1 822647136 98304
T blk.0.attn_k.weight 8 2 6144 1024 1 822745440 6684672
T blk.0.attn_output.weight 14 2 6144 6144 1 829430112 30965760
T blk.0.attn_q.weight 14 2 6144 6144 1 860395872 30965760
T blk.0.attn_v.weight 8 2 6144 1024 1 891361632 6684672
T blk.0.ffn_down_exps.weight 14 3 16384 6144 8 898046304 660602880
T blk.0.ffn_up_exps.weight 14 3 6144 16384 8 1558649184 660602880
T blk.0.attn_norm.weight 0 1 6144 1 1 2219252064 24576
T blk.0.ffn_norm.weight 0 1 6144 1 1 2219276640 24576
T blk.1.ffn_gate_inp.weight 1 2 6144 8 1 2219301216 98304
T blk.1.attn_k.weight 8 2 6144 1024 1 2219399520 6684672
T blk.1.attn_output.weight 14 2 6144 6144 1 2226084192 30965760
T blk.1.attn_q.weight 14 2 6144 6144 1 2257049952 30965760
T blk.1.attn_v.weight 8 2 6144 1024 1 2288015712 6684672
T blk.1.ffn_gate_exps.weight 14 3 6144 16384 8 2294700384 660602880
T blk.1.ffn_down_exps.weight 14 3 16384 6144 8 2955303264 660602880
T blk.1.ffn_up_exps.weight 14 3 6144 16384 8 3615906144 660602880
T blk.1.attn_norm.weight 0 1 6144 1 1 4276509024 24576
T blk.1.ffn_norm.weight 0 1 6144 1 1 4276533600 24576
T blk.2.ffn_gate_inp.weight 1 2 6144 8 1 4276558176 98304
T blk.2.attn_k.weight 8 2 6144 1024 1 4276656480 6684672
T blk.2.attn_output.weight 14 2 6144 6144 1 4283341152 30965760
T blk.2.attn_q.weight 14 2 6144 6144 1 4314306912 30965760
T blk.2.attn_v.weight 8 2 6144 1024 1 4345272672 6684672
T blk.2.ffn_gate_exps.weight 14 3 6144 16384 8 4351957344 660602880
T blk.2.ffn_down_exps.weight 14 3 16384 6144 8 5012560224 660602880
T blk.2.ffn_up_exps.weight 14 3 6144 16384 8 5673163104 660602880
T blk.2.attn_norm.weight 0 1 6144 1 1 6333765984 24576
T blk.2.ffn_norm.weight 0 1 6144 1 1 6333790560 24576
T blk.3.ffn_gate_inp.weight 1 2 6144 8 1 6333815136 98304
T blk.3.attn_k.weight 8 2 6144 1024 1 6333913440 6684672
T blk.3.attn_output.weight 14 2 6144 6144 1 6340598112 30965760
T blk.3.attn_q.weight 14 2 6144 6144 1 6371563872 30965760
T blk.3.attn_v.weight 8 2 6144 1024 1 6402529632 6684672
T blk.3.ffn_gate_exps.weight 14 3 6144 16384 8 6409214304 660602880
T blk.3.ffn_down_exps.weight 14 3 16384 6144 8 7069817184 660602880
T blk.3.ffn_up_exps.weight 14 3 6144 16384 8 7730420064 660602880
T blk.3.attn_norm.weight 0 1 6144 1 1 8391022944 24576
T blk.3.ffn_norm.weight 0 1 6144 1 1 8391047520 24576
T blk.4.ffn_gate_inp.weight 1 2 6144 8 1 8391072096 98304
T blk.4.attn_k.weight 8 2 6144 1024 1 8391170400 6684672
T blk.4.attn_output.weight 14 2 6144 6144 1 8397855072 30965760
T blk.4.attn_q.weight 14 2 6144 6144 1 8428820832 30965760
T blk.4.attn_v.weight 8 2 6144 1024 1 8459786592 6684672
T blk.4.ffn_gate_exps.weight 14 3 6144 16384 8 8466471264 660602880
T blk.4.ffn_down_exps.weight 14 3 16384 6144 8 9127074144 660602880
T blk.4.ffn_up_exps.weight 14 3 6144 16384 8 9787677024 660602880
T blk.4.attn_norm.weight 0 1 6144 1 1 10448279904 24576
T blk.4.ffn_norm.weight 0 1 6144 1 1 10448304480 24576
T blk.5.ffn_gate_inp.weight 1 2 6144 8 1 10448329056 98304
T blk.5.attn_k.weight 8 2 6144 1024 1 10448427360 6684672
T blk.5.attn_output.weight 14 2 6144 6144 1 10455112032 30965760
T blk.5.attn_q.weight 14 2 6144 6144 1 10486077792 30965760
T blk.5.attn_v.weight 8 2 6144 1024 1 10517043552 6684672
T blk.5.ffn_gate_exps.weight 14 3 6144 16384 8 10523728224 660602880
T blk.5.ffn_down_exps.weight 14 3 16384 6144 8 11184331104 660602880
T blk.5.ffn_up_exps.weight 14 3 6144 16384 8 11844933984 660602880
T blk.5.attn_norm.weight 0 1 6144 1 1 12505536864 24576
T blk.5.ffn_norm.weight 0 1 6144 1 1 12505561440 24576
T blk.6.ffn_gate_inp.weight 1 2 6144 8 1 12505586016 98304
T blk.6.attn_k.weight 8 2 6144 1024 1 12505684320 6684672
T blk.6.attn_output.weight 14 2 6144 6144 1 12512368992 30965760
T blk.6.attn_q.weight 14 2 6144 6144 1 12543334752 30965760
T blk.6.attn_v.weight 8 2 6144 1024 1 12574300512 6684672
T blk.6.ffn_gate_exps.weight 14 3 6144 16384 8 12580985184 660602880
T blk.6.ffn_down_exps.weight 14 3 16384 6144 8 13241588064 660602880
T blk.6.ffn_up_exps.weight 14 3 6144 16384 8 13902190944 660602880
T blk.6.attn_norm.weight 0 1 6144 1 1 14562793824 24576
T blk.6.ffn_norm.weight 0 1 6144 1 1 14562818400 24576
T blk.7.ffn_gate_inp.weight 1 2 6144 8 1 14562842976 98304
T blk.7.attn_k.weight 8 2 6144 1024 1 14562941280 6684672
T blk.7.attn_output.weight 14 2 6144 6144 1 14569625952 30965760
T blk.7.attn_q.weight 14 2 6144 6144 1 14600591712 30965760
T blk.7.attn_v.weight 8 2 6144 1024 1 14631557472 6684672
T blk.7.ffn_gate_exps.weight 14 3 6144 16384 8 14638242144 660602880
T blk.7.ffn_down_exps.weight 14 3 16384 6144 8 15298845024 660602880
T blk.7.ffn_up_exps.weight 14 3 6144 16384 8 15959447904 660602880
T blk.7.attn_norm.weight 0 1 6144 1 1 16620050784 24576
T blk.7.ffn_norm.weight 0 1 6144 1 1 16620075360 24576
T blk.8.ffn_gate_inp.weight 1 2 6144 8 1 16620099936 98304
T blk.8.attn_k.weight 8 2 6144 1024 1 16620198240 6684672
T blk.8.attn_output.weight 14 2 6144 6144 1 16626882912 30965760
T blk.8.attn_q.weight 14 2 6144 6144 1 16657848672 30965760
T blk.8.attn_v.weight 8 2 6144 1024 1 16688814432 6684672
T blk.8.ffn_gate_exps.weight 14 3 6144 16384 8 16695499104 660602880
T blk.8.ffn_down_exps.weight 14 3 16384 6144 8 17356101984 660602880
T blk.8.ffn_up_exps.weight 14 3 6144 16384 8 18016704864 660602880
T blk.8.attn_norm.weight 0 1 6144 1 1 18677307744 24576
T blk.8.ffn_norm.weight 0 1 6144 1 1 18677332320 24576
T blk.9.ffn_gate_inp.weight 1 2 6144 8 1 18677356896 98304
T blk.9.attn_k.weight 8 2 6144 1024 1 18677455200 6684672
T blk.9.attn_output.weight 14 2 6144 6144 1 18684139872 30965760
T blk.9.attn_q.weight 14 2 6144 6144 1 18715105632 30965760
T blk.9.attn_v.weight 8 2 6144 1024 1 18746071392 6684672
T blk.10.ffn_gate_inp.weight 1 2 6144 8 1 18752756064 98304
T blk.10.attn_k.weight 8 2 6144 1024 1 18752854368 6684672
T blk.10.attn_output.weight 14 2 6144 6144 1 18759539040 30965760
T blk.10.attn_q.weight 14 2 6144 6144 1 18790504800 30965760
T blk.10.attn_v.weight 8 2 6144 1024 1 18821470560 6684672
T blk.9.ffn_gate_exps.weight 14 3 6144 16384 8 18828155232 660602880
T blk.9.ffn_down_exps.weight 14 3 16384 6144 8 19488758112 660602880
T blk.9.ffn_up_exps.weight 14 3 6144 16384 8 20149360992 660602880
T blk.9.attn_norm.weight 0 1 6144 1 1 20809963872 24576
T blk.9.ffn_norm.weight 0 1 6144 1 1 20809988448 24576
T blk.10.ffn_gate_exps.weight 14 3 6144 16384 8 20810013024 660602880
T blk.10.ffn_down_exps.weight 14 3 16384 6144 8 21470615904 660602880
T blk.10.ffn_up_exps.weight 14 3 6144 16384 8 22131218784 660602880
T blk.10.attn_norm.weight 0 1 6144 1 1 22791821664 24576
T blk.10.ffn_norm.weight 0 1 6144 1 1 22791846240 24576
T blk.11.ffn_gate_inp.weight 1 2 6144 8 1 22791870816 98304
T blk.11.attn_k.weight 8 2 6144 1024 1 22791969120 6684672
T blk.11.attn_output.weight 14 2 6144 6144 1 22798653792 30965760
T blk.11.attn_q.weight 14 2 6144 6144 1 22829619552 30965760
T blk.11.attn_v.weight 8 2 6144 1024 1 22860585312 6684672
T blk.11.ffn_gate_exps.weight 14 3 6144 16384 8 22867269984 660602880
T blk.11.ffn_down_exps.weight 14 3 16384 6144 8 23527872864 660602880
T blk.11.ffn_up_exps.weight 14 3 6144 16384 8 24188475744 660602880
T blk.11.attn_norm.weight 0 1 6144 1 1 24849078624 24576
T blk.11.ffn_norm.weight 0 1 6144 1 1 24849103200 24576
T blk.12.ffn_gate_inp.weight 1 2 6144 8 1 24849127776 98304
T blk.12.attn_k.weight 8 2 6144 1024 1 24849226080 6684672
T blk.12.attn_output.weight 14 2 6144 6144 1 24855910752 30965760
T blk.12.attn_q.weight 14 2 6144 6144 1 24886876512 30965760
T blk.12.attn_v.weight 8 2 6144 1024 1 24917842272 6684672
T blk.12.ffn_gate_exps.weight 14 3 6144 16384 8 24924526944 660602880
T blk.12.ffn_down_exps.weight 14 3 16384 6144 8 25585129824 660602880
T blk.12.ffn_up_exps.weight 14 3 6144 16384 8 26245732704 660602880
T blk.12.attn_norm.weight 0 1 6144 1 1 26906335584 24576
T blk.12.ffn_norm.weight 0 1 6144 1 1 26906360160 24576
T blk.13.ffn_gate_inp.weight 1 2 6144 8 1 26906384736 98304
T blk.13.attn_k.weight 8 2 6144 1024 1 26906483040 6684672
T blk.13.attn_output.weight 14 2 6144 6144 1 26913167712 30965760
T blk.13.attn_q.weight 14 2 6144 6144 1 26944133472 30965760
T blk.13.attn_v.weight 8 2 6144 1024 1 26975099232 6684672
T blk.13.ffn_gate_exps.weight 14 3 6144 16384 8 26981783904 660602880
T blk.13.ffn_down_exps.weight 14 3 16384 6144 8 27642386784 660602880
T blk.13.ffn_up_exps.weight 14 3 6144 16384 8 28302989664 660602880
T blk.13.attn_norm.weight 0 1 6144 1 1 28963592544 24576
T blk.13.ffn_norm.weight 0 1 6144 1 1 28963617120 24576
T blk.14.ffn_gate_inp.weight 1 2 6144 8 1 28963641696 98304
T blk.14.attn_k.weight 8 2 6144 1024 1 28963740000 6684672
T blk.14.attn_output.weight 14 2 6144 6144 1 28970424672 30965760
T blk.14.attn_q.weight 14 2 6144 6144 1 29001390432 30965760
T blk.14.attn_v.weight 8 2 6144 1024 1 29032356192 6684672
T blk.14.ffn_gate_exps.weight 14 3 6144 16384 8 29039040864 660602880
T blk.14.ffn_down_exps.weight 14 3 16384 6144 8 29699643744 660602880
T blk.14.ffn_up_exps.weight 14 3 6144 16384 8 30360246624 660602880
T blk.14.attn_norm.weight 0 1 6144 1 1 31020849504 24576
T blk.14.ffn_norm.weight 0 1 6144 1 1 31020874080 24576
T blk.15.ffn_gate_inp.weight 1 2 6144 8 1 31020898656 98304
T blk.15.attn_k.weight 8 2 6144 1024 1 31020996960 6684672
T blk.15.attn_output.weight 14 2 6144 6144 1 31027681632 30965760
T blk.15.attn_q.weight 14 2 6144 6144 1 31058647392 30965760
T blk.15.attn_v.weight 8 2 6144 1024 1 31089613152 6684672
T blk.15.ffn_gate_exps.weight 14 3 6144 16384 8 31096297824 660602880
T blk.15.ffn_down_exps.weight 14 3 16384 6144 8 31756900704 660602880
T blk.15.ffn_up_exps.weight 14 3 6144 16384 8 32417503584 660602880
T blk.15.attn_norm.weight 0 1 6144 1 1 33078106464 24576
T blk.15.ffn_norm.weight 0 1 6144 1 1 33078131040 24576
T blk.16.ffn_gate_inp.weight 1 2 6144 8 1 33078155616 98304
T blk.16.attn_k.weight 8 2 6144 1024 1 33078253920 6684672
T blk.16.attn_output.weight 14 2 6144 6144 1 33084938592 30965760
T blk.16.attn_q.weight 14 2 6144 6144 1 33115904352 30965760
T blk.16.attn_v.weight 8 2 6144 1024 1 33146870112 6684672
T blk.16.ffn_gate_exps.weight 14 3 6144 16384 8 33153554784 660602880
T blk.16.ffn_down_exps.weight 14 3 16384 6144 8 33814157664 660602880
T blk.16.ffn_up_exps.weight 14 3 6144 16384 8 34474760544 660602880
T blk.16.attn_norm.weight 0 1 6144 1 1 35135363424 24576
T blk.16.ffn_norm.weight 0 1 6144 1 1 35135388000 24576
T blk.17.ffn_gate_inp.weight 1 2 6144 8 1 35135412576 98304
T blk.17.attn_k.weight 8 2 6144 1024 1 35135510880 6684672
T blk.17.attn_output.weight 14 2 6144 6144 1 35142195552 30965760
T blk.17.attn_q.weight 14 2 6144 6144 1 35173161312 30965760
T blk.17.attn_v.weight 8 2 6144 1024 1 35204127072 6684672
T blk.17.ffn_gate_exps.weight 14 3 6144 16384 8 35210811744 660602880
T blk.17.ffn_down_exps.weight 14 3 16384 6144 8 35871414624 660602880
T blk.17.ffn_up_exps.weight 14 3 6144 16384 8 36532017504 660602880
T blk.17.attn_norm.weight 0 1 6144 1 1 37192620384 24576
T blk.17.ffn_norm.weight 0 1 6144 1 1 37192644960 24576
T blk.18.ffn_gate_inp.weight 1 2 6144 8 1 37192669536 98304
T blk.18.attn_k.weight 8 2 6144 1024 1 37192767840 6684672
T blk.18.attn_output.weight 14 2 6144 6144 1 37199452512 30965760
T blk.18.attn_q.weight 14 2 6144 6144 1 37230418272 30965760
T blk.18.attn_v.weight 8 2 6144 1024 1 37261384032 6684672
T blk.18.ffn_gate_exps.weight 14 3 6144 16384 8 37268068704 660602880
T blk.18.ffn_down_exps.weight 14 3 16384 6144 8 37928671584 660602880
T blk.18.ffn_up_exps.weight 14 3 6144 16384 8 38589274464 660602880
T blk.18.attn_norm.weight 0 1 6144 1 1 39249877344 24576
T blk.18.ffn_norm.weight 0 1 6144 1 1 39249901920 24576
T blk.19.ffn_gate_inp.weight 1 2 6144 8 1 39249926496 98304
T blk.19.attn_k.weight 8 2 6144 1024 1 39250024800 6684672
T blk.19.attn_output.weight 14 2 6144 6144 1 39256709472 30965760
T blk.19.attn_q.weight 14 2 6144 6144 1 39287675232 30965760
T blk.19.attn_v.weight 8 2 6144 1024 1 39318640992 6684672
T blk.19.ffn_gate_exps.weight 14 3 6144 16384 8 39325325664 660602880
T blk.19.ffn_down_exps.weight 14 3 16384 6144 8 39985928544 660602880
T blk.19.ffn_up_exps.weight 14 3 6144 16384 8 40646531424 660602880
T blk.19.attn_norm.weight 0 1 6144 1 1 41307134304 24576
T blk.19.ffn_norm.weight 0 1 6144 1 1 41307158880 24576
T blk.20.ffn_gate_inp.weight 1 2 6144 8 1 41307183456 98304
T blk.20.attn_k.weight 8 2 6144 1024 1 41307281760 6684672
T blk.20.attn_output.weight 14 2 6144 6144 1 41313966432 30965760
T blk.20.attn_q.weight 14 2 6144 6144 1 41344932192 30965760
T blk.20.attn_v.weight 8 2 6144 1024 1 41375897952 6684672
T blk.20.ffn_gate_exps.weight 14 3 6144 16384 8 41382582624 660602880
T blk.20.ffn_down_exps.weight 14 3 16384 6144 8 42043185504 660602880
T blk.20.ffn_up_exps.weight 14 3 6144 16384 8 42703788384 660602880
T blk.20.attn_norm.weight 0 1 6144 1 1 43364391264 24576
T blk.20.ffn_norm.weight 0 1 6144 1 1 43364415840 24576
T blk.21.ffn_gate_inp.weight 1 2 6144 8 1 43364440416 98304
T blk.21.attn_k.weight 8 2 6144 1024 1 43364538720 6684672
T blk.21.attn_output.weight 14 2 6144 6144 1 43371223392 30965760
T blk.21.attn_q.weight 14 2 6144 6144 1 43402189152 30965760
T blk.21.attn_v.weight 8 2 6144 1024 1 43433154912 6684672
T blk.21.ffn_gate_exps.weight 14 3 6144 16384 8 43439839584 660602880
T blk.21.ffn_down_exps.weight 14 3 16384 6144 8 44100442464 660602880
T blk.21.ffn_up_exps.weight 14 3 6144 16384 8 44761045344 660602880
T blk.21.attn_norm.weight 0 1 6144 1 1 45421648224 24576
T blk.21.ffn_norm.weight 0 1 6144 1 1 45421672800 24576
T blk.22.ffn_gate_inp.weight 1 2 6144 8 1 45421697376 98304
T blk.22.attn_k.weight 8 2 6144 1024 1 45421795680 6684672
T blk.22.attn_output.weight 14 2 6144 6144 1 45428480352 30965760
T blk.22.attn_q.weight 14 2 6144 6144 1 45459446112 30965760
T blk.22.attn_v.weight 8 2 6144 1024 1 45490411872 6684672
T blk.22.ffn_gate_exps.weight 14 3 6144 16384 8 45497096544 660602880
T blk.22.ffn_down_exps.weight 14 3 16384 6144 8 46157699424 660602880
T blk.22.ffn_up_exps.weight 14 3 6144 16384 8 46818302304 660602880
T blk.22.attn_norm.weight 0 1 6144 1 1 47478905184 24576
T blk.22.ffn_norm.weight 0 1 6144 1 1 47478929760 24576
T blk.23.attn_k.weight 8 2 6144 1024 1 47478954336 6684672
T blk.23.attn_q.weight 14 2 6144 6144 1 47485639008 30965760
T blk.23.attn_v.weight 8 2 6144 1024 1 47516604768 6684672
T blk.23.ffn_gate_exps.weight 14 3 6144 16384 8 47523289440 660602880
T blk.23.ffn_down_exps.weight 14 3 16384 6144 8 48183892320 660602880
T blk.23.ffn_up_exps.weight 14 3 6144 16384 8 48844495200 660602880
T blk.23.ffn_gate_inp.weight 1 2 6144 8 1 49505098080 98304
T blk.23.attn_norm.weight 0 1 6144 1 1 49505196384 24576
T blk.23.ffn_norm.weight 0 1 6144 1 1 49505220960 24576
T blk.23.attn_output.weight 14 2 6144 6144 1 49505245536 30965760
T blk.24.attn_k.weight 8 2 6144 1024 1 49536211296 6684672
T blk.24.attn_q.weight 14 2 6144 6144 1 49542895968 30965760
T blk.24.ffn_gate_exps.weight 14 3 6144 16384 8 49573861728 660602880
T blk.24.ffn_down_exps.weight 14 3 16384 6144 8 50234464608 660602880
T blk.24.ffn_up_exps.weight 14 3 6144 16384 8 50895067488 660602880
T blk.24.ffn_gate_inp.weight 1 2 6144 8 1 51555670368 98304
T blk.24.attn_norm.weight 0 1 6144 1 1 51555768672 24576
T blk.24.ffn_norm.weight 0 1 6144 1 1 51555793248 24576
T blk.24.attn_output.weight 14 2 6144 6144 1 51555817824 30965760
T blk.24.attn_v.weight 8 2 6144 1024 1 51586783584 6684672
T blk.25.attn_q.weight 14 2 6144 6144 1 51593468256 30965760
T blk.25.ffn_gate_exps.weight 14 3 6144 16384 8 51624434016 660602880
T blk.25.ffn_down_exps.weight 14 3 16384 6144 8 52285036896 660602880
T blk.25.ffn_up_exps.weight 14 3 6144 16384 8 52945639776 660602880
T blk.25.ffn_gate_inp.weight 1 2 6144 8 1 53606242656 98304
T blk.25.attn_norm.weight 0 1 6144 1 1 53606340960 24576
T blk.25.ffn_norm.weight 0 1 6144 1 1 53606365536 24576
T blk.25.attn_k.weight 8 2 6144 1024 1 53606390112 6684672
T blk.25.attn_output.weight 14 2 6144 6144 1 53613074784 30965760
T blk.25.attn_v.weight 8 2 6144 1024 1 53644040544 6684672
T blk.26.ffn_gate_exps.weight 14 3 6144 16384 8 53650725216 660602880
T blk.26.ffn_down_exps.weight 14 3 16384 6144 8 54311328096 660602880
T blk.26.ffn_gate_inp.weight 1 2 6144 8 1 54971930976 98304
T blk.26.attn_k.weight 8 2 6144 1024 1 54972029280 6684672
T blk.26.attn_output.weight 14 2 6144 6144 1 54978713952 30965760
T blk.26.attn_q.weight 14 2 6144 6144 1 55009679712 30965760
T blk.26.attn_v.weight 8 2 6144 1024 1 55040645472 6684672
T blk.26.ffn_up_exps.weight 14 3 6144 16384 8 55047330144 660602880
T blk.26.attn_norm.weight 0 1 6144 1 1 55707933024 24576
T blk.26.ffn_norm.weight 0 1 6144 1 1 55707957600 24576
T blk.27.ffn_gate_exps.weight 14 3 6144 16384 8 55707982176 660602880
T blk.27.ffn_gate_inp.weight 1 2 6144 8 1 56368585056 98304
T blk.27.attn_k.weight 8 2 6144 1024 1 56368683360 6684672
T blk.27.attn_output.weight 14 2 6144 6144 1 56375368032 30965760
T blk.27.attn_q.weight 14 2 6144 6144 1 56406333792 30965760
T blk.27.attn_v.weight 8 2 6144 1024 1 56437299552 6684672
T blk.27.ffn_down_exps.weight 14 3 16384 6144 8 56443984224 660602880
T blk.27.ffn_up_exps.weight 14 3 6144 16384 8 57104587104 660602880
T blk.27.attn_norm.weight 0 1 6144 1 1 57765189984 24576
T blk.27.ffn_norm.weight 0 1 6144 1 1 57765214560 24576
T blk.28.ffn_gate_inp.weight 1 2 6144 8 1 57765239136 98304
T blk.28.attn_k.weight 8 2 6144 1024 1 57765337440 6684672
T blk.28.attn_output.weight 14 2 6144 6144 1 57772022112 30965760
T blk.28.attn_q.weight 14 2 6144 6144 1 57802987872 30965760
T blk.28.attn_v.weight 8 2 6144 1024 1 57833953632 6684672
T blk.28.ffn_gate_exps.weight 14 3 6144 16384 8 57840638304 660602880
T blk.28.ffn_down_exps.weight 14 3 16384 6144 8 58501241184 660602880
T blk.28.ffn_up_exps.weight 14 3 6144 16384 8 59161844064 660602880
T blk.28.attn_norm.weight 0 1 6144 1 1 59822446944 24576
T blk.28.ffn_norm.weight 0 1 6144 1 1 59822471520 24576
T blk.29.ffn_gate_inp.weight 1 2 6144 8 1 59822496096 98304
T blk.29.attn_k.weight 8 2 6144 1024 1 59822594400 6684672
T blk.29.attn_output.weight 14 2 6144 6144 1 59829279072 30965760
T blk.29.attn_q.weight 14 2 6144 6144 1 59860244832 30965760
T blk.29.attn_v.weight 8 2 6144 1024 1 59891210592 6684672
T blk.29.ffn_gate_exps.weight 14 3 6144 16384 8 59897895264 660602880
T blk.29.ffn_down_exps.weight 14 3 16384 6144 8 60558498144 660602880
T blk.29.ffn_up_exps.weight 14 3 6144 16384 8 61219101024 660602880
T blk.29.attn_norm.weight 0 1 6144 1 1 61879703904 24576
T blk.29.ffn_norm.weight 0 1 6144 1 1 61879728480 24576
T blk.30.ffn_gate_inp.weight 1 2 6144 8 1 61879753056 98304
T blk.30.attn_k.weight 8 2 6144 1024 1 61879851360 6684672
T blk.30.attn_output.weight 14 2 6144 6144 1 61886536032 30965760
T blk.30.attn_q.weight 14 2 6144 6144 1 61917501792 30965760
T blk.30.attn_v.weight 8 2 6144 1024 1 61948467552 6684672
T blk.30.ffn_gate_exps.weight 14 3 6144 16384 8 61955152224 660602880
T blk.30.ffn_down_exps.weight 14 3 16384 6144 8 62615755104 660602880
T blk.30.ffn_up_exps.weight 14 3 6144 16384 8 63276357984 660602880
T blk.30.attn_norm.weight 0 1 6144 1 1 63936960864 24576
T blk.30.ffn_norm.weight 0 1 6144 1 1 63936985440 24576
T blk.31.ffn_gate_inp.weight 1 2 6144 8 1 63937010016 98304
T blk.31.attn_k.weight 8 2 6144 1024 1 63937108320 6684672
T blk.31.attn_output.weight 14 2 6144 6144 1 63943792992 30965760
T blk.31.attn_q.weight 14 2 6144 6144 1 63974758752 30965760
T blk.31.attn_v.weight 8 2 6144 1024 1 64005724512 6684672
T blk.31.ffn_gate_exps.weight 14 3 6144 16384 8 64012409184 660602880
T blk.31.ffn_down_exps.weight 14 3 16384 6144 8 64673012064 660602880
T blk.31.ffn_up_exps.weight 14 3 6144 16384 8 65333614944 660602880
T blk.31.attn_norm.weight 0 1 6144 1 1 65994217824 24576
T blk.31.ffn_norm.weight 0 1 6144 1 1 65994242400 24576
T blk.32.ffn_gate_inp.weight 1 2 6144 8 1 65994266976 98304
T blk.32.attn_k.weight 8 2 6144 1024 1 65994365280 6684672
T blk.32.attn_output.weight 14 2 6144 6144 1 66001049952 30965760
T blk.32.attn_q.weight 14 2 6144 6144 1 66032015712 30965760
T blk.32.attn_v.weight 8 2 6144 1024 1 66062981472 6684672
T blk.32.ffn_gate_exps.weight 14 3 6144 16384 8 66069666144 660602880
T blk.32.ffn_down_exps.weight 14 3 16384 6144 8 66730269024 660602880
T blk.32.ffn_up_exps.weight 14 3 6144 16384 8 67390871904 660602880
T blk.32.attn_norm.weight 0 1 6144 1 1 68051474784 24576
T blk.32.ffn_norm.weight 0 1 6144 1 1 68051499360 24576
T blk.33.ffn_gate_inp.weight 1 2 6144 8 1 68051523936 98304
T blk.33.attn_k.weight 8 2 6144 1024 1 68051622240 6684672
T blk.33.attn_output.weight 14 2 6144 6144 1 68058306912 30965760
T blk.33.attn_q.weight 14 2 6144 6144 1 68089272672 30965760
T blk.33.attn_v.weight 8 2 6144 1024 1 68120238432 6684672
T blk.33.ffn_gate_exps.weight 14 3 6144 16384 8 68126923104 660602880
T blk.33.ffn_down_exps.weight 14 3 16384 6144 8 68787525984 660602880
T blk.33.ffn_up_exps.weight 14 3 6144 16384 8 69448128864 660602880
T blk.33.attn_norm.weight 0 1 6144 1 1 70108731744 24576
T blk.33.ffn_norm.weight 0 1 6144 1 1 70108756320 24576
T blk.34.ffn_gate_inp.weight 1 2 6144 8 1 70108780896 98304
T blk.34.attn_k.weight 8 2 6144 1024 1 70108879200 6684672
T blk.34.attn_output.weight 14 2 6144 6144 1 70115563872 30965760
T blk.34.attn_q.weight 14 2 6144 6144 1 70146529632 30965760
T blk.34.attn_v.weight 8 2 6144 1024 1 70177495392 6684672
T blk.34.ffn_gate_exps.weight 14 3 6144 16384 8 70184180064 660602880
T blk.34.ffn_down_exps.weight 14 3 16384 6144 8 70844782944 660602880
T blk.34.ffn_up_exps.weight 14 3 6144 16384 8 71505385824 660602880
T blk.34.attn_norm.weight 0 1 6144 1 1 72165988704 24576
T blk.34.ffn_norm.weight 0 1 6144 1 1 72166013280 24576
T blk.35.ffn_gate_inp.weight 1 2 6144 8 1 72166037856 98304
T blk.35.attn_k.weight 8 2 6144 1024 1 72166136160 6684672
T blk.35.attn_output.weight 14 2 6144 6144 1 72172820832 30965760
T blk.35.attn_q.weight 14 2 6144 6144 1 72203786592 30965760
T blk.35.attn_v.weight 8 2 6144 1024 1 72234752352 6684672
T blk.35.ffn_gate_exps.weight 14 3 6144 16384 8 72241437024 660602880
T blk.35.ffn_down_exps.weight 14 3 16384 6144 8 72902039904 660602880
T blk.35.ffn_up_exps.weight 14 3 6144 16384 8 73562642784 660602880
T blk.35.attn_norm.weight 0 1 6144 1 1 74223245664 24576
T blk.35.ffn_norm.weight 0 1 6144 1 1 74223270240 24576
T blk.36.ffn_gate_inp.weight 1 2 6144 8 1 74223294816 98304
T blk.36.attn_k.weight 8 2 6144 1024 1 74223393120 6684672
T blk.36.attn_output.weight 14 2 6144 6144 1 74230077792 30965760
T blk.36.attn_q.weight 14 2 6144 6144 1 74261043552 30965760
T blk.36.attn_v.weight 8 2 6144 1024 1 74292009312 6684672
T blk.36.ffn_gate_exps.weight 14 3 6144 16384 8 74298693984 660602880
T blk.36.ffn_down_exps.weight 14 3 16384 6144 8 74959296864 660602880
T blk.36.ffn_up_exps.weight 14 3 6144 16384 8 75619899744 660602880
T blk.36.attn_norm.weight 0 1 6144 1 1 76280502624 24576
T blk.36.ffn_norm.weight 0 1 6144 1 1 76280527200 24576
T blk.37.ffn_gate_inp.weight 1 2 6144 8 1 76280551776 98304
T blk.37.attn_k.weight 8 2 6144 1024 1 76280650080 6684672
T blk.37.attn_output.weight 14 2 6144 6144 1 76287334752 30965760
T blk.37.attn_q.weight 14 2 6144 6144 1 76318300512 30965760
T blk.37.attn_v.weight 8 2 6144 1024 1 76349266272 6684672
T blk.37.ffn_gate_exps.weight 14 3 6144 16384 8 76355950944 660602880
T blk.37.ffn_down_exps.weight 14 3 16384 6144 8 77016553824 660602880
T blk.37.ffn_up_exps.weight 14 3 6144 16384 8 77677156704 660602880
T blk.37.attn_norm.weight 0 1 6144 1 1 78337759584 24576
T blk.37.ffn_norm.weight 0 1 6144 1 1 78337784160 24576
T blk.38.ffn_gate_inp.weight 1 2 6144 8 1 78337808736 98304
T blk.38.attn_k.weight 8 2 6144 1024 1 78337907040 6684672
T blk.38.attn_output.weight 14 2 6144 6144 1 78344591712 30965760
T blk.38.attn_q.weight 14 2 6144 6144 1 78375557472 30965760
T blk.38.attn_v.weight 8 2 6144 1024 1 78406523232 6684672
T blk.38.ffn_gate_exps.weight 14 3 6144 16384 8 78413207904 660602880
T blk.38.ffn_down_exps.weight 14 3 16384 6144 8 79073810784 660602880
T blk.38.ffn_up_exps.weight 14 3 6144 16384 8 79734413664 660602880
T blk.38.attn_norm.weight 0 1 6144 1 1 80395016544 24576
T blk.38.ffn_norm.weight 0 1 6144 1 1 80395041120 24576
T blk.39.ffn_gate_inp.weight 1 2 6144 8 1 80395065696 98304
T blk.39.attn_k.weight 8 2 6144 1024 1 80395164000 6684672
T blk.39.attn_output.weight 14 2 6144 6144 1 80401848672 30965760
T blk.39.attn_q.weight 14 2 6144 6144 1 80432814432 30965760
T blk.39.attn_v.weight 8 2 6144 1024 1 80463780192 6684672
T blk.39.ffn_gate_exps.weight 14 3 6144 16384 8 80470464864 660602880
T blk.39.ffn_down_exps.weight 14 3 16384 6144 8 81131067744 660602880
T blk.39.ffn_up_exps.weight 14 3 6144 16384 8 81791670624 660602880
T blk.39.attn_norm.weight 0 1 6144 1 1 82452273504 24576
T blk.39.ffn_norm.weight 0 1 6144 1 1 82452298080 24576
T blk.40.ffn_gate_inp.weight 1 2 6144 8 1 82452322656 98304
T blk.40.attn_k.weight 8 2 6144 1024 1 82452420960 6684672
T blk.40.attn_output.weight 14 2 6144 6144 1 82459105632 30965760
T blk.40.attn_q.weight 14 2 6144 6144 1 82490071392 30965760
T blk.40.attn_v.weight 8 2 6144 1024 1 82521037152 6684672
T blk.40.ffn_gate_exps.weight 14 3 6144 16384 8 82527721824 660602880
T blk.40.ffn_down_exps.weight 14 3 16384 6144 8 83188324704 660602880
T blk.40.ffn_up_exps.weight 14 3 6144 16384 8 83848927584 660602880
T blk.40.attn_norm.weight 0 1 6144 1 1 84509530464 24576
T blk.40.ffn_norm.weight 0 1 6144 1 1 84509555040 24576
T blk.41.ffn_gate_inp.weight 1 2 6144 8 1 84509579616 98304
T blk.41.attn_k.weight 8 2 6144 1024 1 84509677920 6684672
T blk.41.attn_output.weight 14 2 6144 6144 1 84516362592 30965760
T blk.41.attn_q.weight 14 2 6144 6144 1 84547328352 30965760
T blk.41.attn_v.weight 8 2 6144 1024 1 84578294112 6684672
T blk.41.ffn_gate_exps.weight 14 3 6144 16384 8 84584978784 660602880
T blk.41.ffn_down_exps.weight 14 3 16384 6144 8 85245581664 660602880
T blk.41.ffn_up_exps.weight 14 3 6144 16384 8 85906184544 660602880
T blk.41.attn_norm.weight 0 1 6144 1 1 86566787424 24576
T blk.41.ffn_norm.weight 0 1 6144 1 1 86566812000 24576
T blk.42.ffn_gate_inp.weight 1 2 6144 8 1 86566836576 98304
T blk.42.attn_k.weight 8 2 6144 1024 1 86566934880 6684672
T blk.42.attn_output.weight 14 2 6144 6144 1 86573619552 30965760
T blk.42.attn_q.weight 14 2 6144 6144 1 86604585312 30965760
T blk.42.attn_v.weight 8 2 6144 1024 1 86635551072 6684672
T blk.42.ffn_gate_exps.weight 14 3 6144 16384 8 86642235744 660602880
T blk.42.ffn_down_exps.weight 14 3 16384 6144 8 87302838624 660602880
T blk.42.ffn_up_exps.weight 14 3 6144 16384 8 87963441504 660602880
T blk.42.attn_norm.weight 0 1 6144 1 1 88624044384 24576
T blk.42.ffn_norm.weight 0 1 6144 1 1 88624068960 24576
T blk.43.ffn_gate_inp.weight 1 2 6144 8 1 88624093536 98304
T blk.43.attn_k.weight 8 2 6144 1024 1 88624191840 6684672
T blk.43.attn_output.weight 14 2 6144 6144 1 88630876512 30965760
T blk.43.attn_q.weight 14 2 6144 6144 1 88661842272 30965760
T blk.43.attn_v.weight 8 2 6144 1024 1 88692808032 6684672
T blk.43.ffn_gate_exps.weight 14 3 6144 16384 8 88699492704 660602880
T blk.43.ffn_down_exps.weight 14 3 16384 6144 8 89360095584 660602880
T blk.43.ffn_up_exps.weight 14 3 6144 16384 8 90020698464 660602880
T blk.43.attn_norm.weight 0 1 6144 1 1 90681301344 24576
T blk.43.ffn_norm.weight 0 1 6144 1 1 90681325920 24576
T blk.44.ffn_gate_inp.weight 1 2 6144 8 1 90681350496 98304
T blk.44.attn_k.weight 8 2 6144 1024 1 90681448800 6684672
T blk.44.attn_output.weight 14 2 6144 6144 1 90688133472 30965760
T blk.44.attn_q.weight 14 2 6144 6144 1 90719099232 30965760
T blk.44.attn_v.weight 8 2 6144 1024 1 90750064992 6684672
T blk.44.ffn_gate_exps.weight 14 3 6144 16384 8 90756749664 660602880
T blk.44.ffn_down_exps.weight 14 3 16384 6144 8 91417352544 660602880
T blk.44.ffn_up_exps.weight 14 3 6144 16384 8 92077955424 660602880
T blk.44.attn_norm.weight 0 1 6144 1 1 92738558304 24576
T blk.44.ffn_norm.weight 0 1 6144 1 1 92738582880 24576
T blk.45.ffn_gate_inp.weight 1 2 6144 8 1 92738607456 98304
T blk.45.attn_k.weight 8 2 6144 1024 1 92738705760 6684672
T blk.45.attn_output.weight 14 2 6144 6144 1 92745390432 30965760
T blk.45.attn_q.weight 14 2 6144 6144 1 92776356192 30965760
T blk.45.attn_v.weight 8 2 6144 1024 1 92807321952 6684672
T blk.45.ffn_gate_exps.weight 14 3 6144 16384 8 92814006624 660602880
T blk.45.ffn_down_exps.weight 14 3 16384 6144 8 93474609504 660602880
T blk.45.ffn_up_exps.weight 14 3 6144 16384 8 94135212384 660602880
T blk.45.attn_norm.weight 0 1 6144 1 1 94795815264 24576
T blk.45.ffn_norm.weight 0 1 6144 1 1 94795839840 24576
T blk.46.ffn_gate_inp.weight 1 2 6144 8 1 94795864416 98304
T blk.46.attn_k.weight 8 2 6144 1024 1 94795962720 6684672
T blk.46.attn_output.weight 14 2 6144 6144 1 94802647392 30965760
T blk.46.attn_q.weight 14 2 6144 6144 1 94833613152 30965760
T blk.46.attn_v.weight 8 2 6144 1024 1 94864578912 6684672
T blk.46.ffn_gate_exps.weight 14 3 6144 16384 8 94871263584 660602880
T blk.46.ffn_down_exps.weight 14 3 16384 6144 8 95531866464 660602880
T blk.46.ffn_up_exps.weight 14 3 6144 16384 8 96192469344 660602880
T blk.46.attn_norm.weight 0 1 6144 1 1 96853072224 24576
T blk.46.ffn_norm.weight 0 1 6144 1 1 96853096800 24576
T blk.47.ffn_gate_inp.weight 1 2 6144 8 1 96853121376 98304
T blk.47.attn_k.weight 8 2 6144 1024 1 96853219680 6684672
T blk.47.attn_output.weight 14 2 6144 6144 1 96859904352 30965760
T blk.47.attn_q.weight 14 2 6144 6144 1 96890870112 30965760
T blk.47.attn_v.weight 8 2 6144 1024 1 96921835872 6684672
T blk.47.ffn_gate_exps.weight 14 3 6144 16384 8 96928520544 660602880
T blk.47.ffn_down_exps.weight 14 3 16384 6144 8 97589123424 660602880
T blk.47.ffn_up_exps.weight 14 3 6144 16384 8 98249726304 660602880
T blk.47.attn_norm.weight 0 1 6144 1 1 98910329184 24576
T blk.47.ffn_norm.weight 0 1 6144 1 1 98910353760 24576
T blk.48.ffn_gate_inp.weight 1 2 6144 8 1 98910378336 98304
T blk.48.attn_k.weight 8 2 6144 1024 1 98910476640 6684672
T blk.48.attn_output.weight 14 2 6144 6144 1 98917161312 30965760
T blk.48.attn_q.weight 14 2 6144 6144 1 98948127072 30965760
T blk.48.attn_v.weight 8 2 6144 1024 1 98979092832 6684672
T blk.48.ffn_gate_exps.weight 14 3 6144 16384 8 98985777504 660602880
T blk.48.ffn_down_exps.weight 14 3 16384 6144 8 99646380384 660602880
T blk.48.ffn_up_exps.weight 14 3 6144 16384 8 100306983264 660602880
T blk.48.attn_norm.weight 0 1 6144 1 1 100967586144 24576
T blk.48.ffn_norm.weight 0 1 6144 1 1 100967610720 24576
T blk.49.ffn_gate_inp.weight 1 2 6144 8 1 100967635296 98304
T blk.49.attn_k.weight 8 2 6144 1024 1 100967733600 6684672
T blk.49.attn_output.weight 14 2 6144 6144 1 100974418272 30965760
T blk.49.attn_q.weight 14 2 6144 6144 1 101005384032 30965760
T blk.49.attn_v.weight 8 2 6144 1024 1 101036349792 6684672
T blk.49.ffn_gate_exps.weight 14 3 6144 16384 8 101043034464 660602880
T blk.49.ffn_down_exps.weight 14 3 16384 6144 8 101703637344 660602880
T blk.49.ffn_up_exps.weight 14 3 6144 16384 8 102364240224 660602880
T blk.49.attn_norm.weight 0 1 6144 1 1 103024843104 24576
T blk.49.ffn_norm.weight 0 1 6144 1 1 103024867680 24576
T blk.50.attn_k.weight 8 2 6144 1024 1 103024892256 6684672
T blk.50.attn_q.weight 14 2 6144 6144 1 103031576928 30965760
T blk.50.attn_v.weight 8 2 6144 1024 1 103062542688 6684672
T blk.50.ffn_gate_exps.weight 14 3 6144 16384 8 103069227360 660602880
T blk.50.ffn_down_exps.weight 14 3 16384 6144 8 103729830240 660602880
T blk.50.ffn_up_exps.weight 14 3 6144 16384 8 104390433120 660602880
T blk.50.ffn_gate_inp.weight 1 2 6144 8 1 105051036000 98304
T blk.50.attn_norm.weight 0 1 6144 1 1 105051134304 24576
T blk.50.ffn_norm.weight 0 1 6144 1 1 105051158880 24576
T blk.50.attn_output.weight 14 2 6144 6144 1 105051183456 30965760
T blk.51.attn_k.weight 8 2 6144 1024 1 105082149216 6684672
T blk.51.attn_q.weight 14 2 6144 6144 1 105088833888 30965760
T blk.51.ffn_gate_exps.weight 14 3 6144 16384 8 105119799648 660602880
T blk.51.ffn_down_exps.weight 14 3 16384 6144 8 105780402528 660602880
T blk.51.ffn_up_exps.weight 14 3 6144 16384 8 106441005408 660602880
T blk.51.ffn_gate_inp.weight 1 2 6144 8 1 107101608288 98304
T blk.51.attn_norm.weight 0 1 6144 1 1 107101706592 24576
T blk.51.ffn_norm.weight 0 1 6144 1 1 107101731168 24576
T blk.51.attn_output.weight 14 2 6144 6144 1 107101755744 30965760
T blk.51.attn_v.weight 8 2 6144 1024 1 107132721504 6684672
T blk.52.attn_q.weight 14 2 6144 6144 1 107139406176 30965760
T blk.52.ffn_gate_exps.weight 14 3 6144 16384 8 107170371936 660602880
T blk.52.ffn_down_exps.weight 14 3 16384 6144 8 107830974816 660602880
T blk.52.ffn_up_exps.weight 14 3 6144 16384 8 108491577696 660602880
T blk.52.ffn_gate_inp.weight 1 2 6144 8 1 109152180576 98304
T blk.52.attn_norm.weight 0 1 6144 1 1 109152278880 24576
T blk.52.ffn_norm.weight 0 1 6144 1 1 109152303456 24576
T blk.52.attn_k.weight 8 2 6144 1024 1 109152328032 6684672
T blk.52.attn_output.weight 14 2 6144 6144 1 109159012704 30965760
T blk.52.attn_v.weight 8 2 6144 1024 1 109189978464 6684672
T blk.53.ffn_gate_exps.weight 14 3 6144 16384 8 109196663136 660602880
T blk.53.ffn_down_exps.weight 14 3 16384 6144 8 109857266016 660602880
T blk.53.ffn_gate_inp.weight 1 2 6144 8 1 110517868896 98304
T blk.53.attn_k.weight 8 2 6144 1024 1 110517967200 6684672
T blk.53.attn_output.weight 14 2 6144 6144 1 110524651872 30965760
T blk.53.attn_q.weight 14 2 6144 6144 1 110555617632 30965760
T blk.53.attn_v.weight 8 2 6144 1024 1 110586583392 6684672
T blk.53.ffn_up_exps.weight 14 3 6144 16384 8 110593268064 660602880
T blk.53.attn_norm.weight 0 1 6144 1 1 111253870944 24576
T blk.53.ffn_norm.weight 0 1 6144 1 1 111253895520 24576
T blk.54.ffn_gate_exps.weight 14 3 6144 16384 8 111253920096 660602880
T blk.54.ffn_gate_inp.weight 1 2 6144 8 1 111914522976 98304
T blk.54.attn_k.weight 8 2 6144 1024 1 111914621280 6684672
T blk.54.attn_output.weight 14 2 6144 6144 1 111921305952 30965760
T blk.54.attn_q.weight 14 2 6144 6144 1 111952271712 30965760
T blk.54.attn_v.weight 8 2 6144 1024 1 111983237472 6684672
T blk.54.ffn_down_exps.weight 14 3 16384 6144 8 111989922144 660602880
T blk.54.ffn_up_exps.weight 14 3 6144 16384 8 112650525024 660602880
T blk.54.attn_norm.weight 0 1 6144 1 1 113311127904 24576
T blk.54.ffn_norm.weight 0 1 6144 1 1 113311152480 24576
T blk.55.ffn_gate_inp.weight 1 2 6144 8 1 113311177056 98304
T blk.55.attn_k.weight 8 2 6144 1024 1 113311275360 6684672
T blk.55.attn_output.weight 14 2 6144 6144 1 113317960032 30965760
T blk.55.attn_q.weight 14 2 6144 6144 1 113348925792 30965760
T blk.55.attn_v.weight 8 2 6144 1024 1 113379891552 6684672
T output.weight 14 2 6144 32002 1 113386576224 161290080
T blk.55.ffn_gate_exps.weight 14 3 6144 16384 8 113547866304 660602880
T blk.55.ffn_down_exps.weight 14 3 16384 6144 8 114208469184 660602880
T blk.55.ffn_up_exps.weight 14 3 6144 16384 8 114869072064 660602880
T blk.55.attn_norm.weight 0 1 6144 1 1 115529674944 24576
T blk.55.ffn_norm.weight 0 1 6144 1 1 115529699520 24576
T output_norm.weight 0 1 6144 1 1 115529724096 24576
END
0
